image_width: 3840
image_height: 2160
camera_name: s2-camera1
camera_matrix:
  rows: 3
  cols: 3
  data: [2324.86742,    0.     , 1913.94114,
            0.     , 2329.85105, 1124.55547,
            0.     ,    0.     ,    1.     ]
camera_model: plumb_bob
distortion_coefficients:
  rows: 1
  cols: 5
  data: [-0.333601, 0.087823, -0.001394, 0.002801, 0.000000]
rectification_matrix:
  rows: 3
  cols: 3
  data: [1., 0., 0.,
         0., 1., 0.,
         0., 0., 1.]
projection_matrix:
  rows: 3
  cols: 4
  data: [1652.15234,    0.     , 1950.15614,    0.     ,
            0.     , 2144.56689, 1129.50597,    0.     ,
            0.     ,    0.     ,    1.     ,    0.     ]
